1;80;86;70;50;65;2022
2;91;77;33;48;69;2021
3;42;64;88;99;11;2020
4;53;59;42;78;54;2023
5;74;66;95;22;33;2022
6;35;70;59;89;44;2023
7;46;38;77;31;73;2021
8;27;97;26;66;90;2022
9;68;82;71;11;21;2023
10;39;54;44;77;25;2021
11;71;91;63;85;67;2020
12;20;17;36;59;12;2023
13;88;29;47;28;58;2022
14;56;78;93;16;99;2023
15;63;40;68;73;45;2021
16;19;31;57;37;60;2022
17;50;85;24;45;87;2023
18;44;63;89;52;81;2021
19;76;51;75;64;32;2020
20;61;72;84;97;13;2023
21;23;49;66;81;29;2022
22;92;60;53;21;74;2023
23;58;14;69;38;56;2021
24;37;98;45;55;80;2022
25;84;87;92;39;68;2023
26;65;76;74;63;22;2021
27;73;71;22;84;36;2020
28;16;95;57;47;77;2023
29;47;50;90;75;51;2022
30;29;33;64;31;18;2023
31;81;26;31;91;61;2021
32;12;48;83;58;42;2022
33;69;94;56;72;15;2023
34;97;35;78;93;38;2021
35;31;67;41;65;85;2020
36;45;70;88;49;72;2023
37;75;61;25;21;96;2022
38;56;82;60;46;37;2023
39;28;46;37;74;43;2021
40;89;29;69;56;24;2022
41;60;92;75;64;55;2023
42;14;58;23;36;81;2021
43;72;49;92;67;59;2020
44;53;34;64;26;75;2023
45;37;85;49;51;98;2022
46;68;43;57;82;30;2023
47;19;77;36;68;21;2021
48;95;25;82;39;66;2022
49;25;60;74;13;52;2023
50;82;99;46;58;28;2021
51;44;72;65;35;71;2020
52;66;57;80;74;48;2023
53;29;88;52;23;93;2022
54;71;96;39;46;62;2023
55;18;39;79;97;14;2021
56;53;67;25;88;76;2022
57;37;74;48;62;89;2023
58;88;23;91;15;53;2021
59;62;82;73;27;44;2020
60;47;54;66;37;70;2023
61;56;89;71;33;47;2022
62;21;43;75;64;59;2021
63;34;68;82;57;27;2020
64;77;51;94;38;85;2023
65;46;72;59;23;69;2022
66;59;93;26;44;32;2023
67;38;78;85;56;12;2021
68;42;64;73;27;61;2022
69;87;56;95;29;78;2023
70;25;80;47;33;50;2021
71;67;84;52;43;75;2020
72;54;22;66;89;36;2023
73;30;58;74;45;28;2022
74;79;96;63;34;57;2023
75;48;77;89;51;39;2021
76;61;33;72;26;64;2022
77;92;46;84;57;21;2023
78;43;69;95;35;73;2021
79;70;88;56;45;81;2020
80;37;74;68;21;90;2023
81;65;45;92;59;14;2022
82;23;50;77;38;66;2023
83;58;80;41;47;25;2021
84;84;27;68;32;47;2022
85;49;94;57;29;53;2023
86;76;61;75;48;98;2021
87;32;54;29;58;72;2020
88;53;72;85;64;19;2023
89;71;46;94;35;87;2022
90;28;85;61;43;60;2023
91;66;39;82;50;16;2021
92;44;67;79;21;33;2022
93;84;95;57;32;41;2023
94;35;59;74;47;26;2021
95;75;81;68;52;63;2020
96;27;47;85;39;71;2023
97;68;50;95;58;37;2022
98;57;63;74;41;54;2023
99;38;76;86;62;49;2021
100;82;54;97;24;88;2022
101;61;83;44;68;27;2022
102;45;76;59;92;32;2021
103;79;52;27;55;88;2020
104;28;93;71;49;17;2023
105;56;62;89;33;74;2022
106;84;37;98;67;25;2023
107;36;81;23;42;55;2021
108;74;48;69;22;91;2022
109;92;29;65;16;83;2023
110;17;54;33;85;40;2021
111;63;25;46;97;71;2020
112;48;67;51;88;39;2023
113;75;85;41;26;57;2022
114;52;31;74;90;63;2023
115;31;70;58;20;81;2021
116;87;42;97;38;76;2022
117;24;89;30;58;49;2023
118;69;91;64;37;18;2021
119;41;75;82;60;83;2020
120;53;39;77;94;28;2023
121;73;58;22;80;47;2022
122;19;86;36;29;50;2023
123;64;72;53;61;13;2021
124;26;59;68;45;79;2022
125;81;46;39;66;34;2023
126;34;57;70;86;37;2021
127;60;84;50;10;93;2020
128;23;98;60;75;29;2023
129;38;65;79;19;47;2022
130;96;28;47;33;60;2023
131;49;88;61;56;24;2021
132;72;20;92;25;44;2022
133;29;82;88;64;14;2023
134;51;97;63;30;46;2021
135;77;55;28;67;89;2020
136;16;45;76;98;50;2023
137;44;71;53;81;65;2022
138;68;32;40;15;92;2023
139;88;66;22;53;76;2021
140;35;74;83;70;11;2022
141;59;26;99;81;72;2023
142;85;49;64;25;36;2021
143;21;92;52;48;53;2020
144;74;60;68;39;58;2023
145;47;78;59;14;70;2022
146;83;43;71;34;77;2023
147;32;65;87;18;98;2021
148;69;91;29;82;64;2022
149;27;54;81;49;20;2023
150;57;36;96;83;45;2021
151;48;73;57;29;85;2022
152;81;22;95;34;60;2021
153;16;89;63;43;78;2020
154;73;45;76;51;23;2023
155;38;68;82;59;31;2022
156;67;37;91;46;26;2023
157;25;53;19;71;86;2021
158;54;97;64;37;49;2022
159;79;58;34;15;72;2023
160;41;62;55;87;28;2021
161;65;29;28;95;77;2020
162;43;76;80;66;38;2023
163;77;81;46;21;52;2022
164;32;70;22;41;90;2023
165;58;84;61;39;47;2021
166;87;21;95;17;63;2022
167;24;96;32;55;40;2023
168;68;49;73;22;18;2021
169;34;62;59;91;53;2020
170;48;97;70;26;45;2023
171;76;57;42;84;36;2022
172;12;86;60;33;74;2023
173;60;51;38;96;16;2021
174;29;82;49;73;24;2022
175;83;45;88;27;69;2023
176;47;70;55;18;79;2021
177;76;39;26;48;92;2020
178;20;95;68;58;34;2023
179;52;32;64;29;56;2022
180;85;68;30;60;61;2023
181;37;98;75;19;28;2021
182;64;17;22;42;77;2022
183;92;70;47;25;30;2023
184;19;49;72;53;63;2021
185;70;24;59;39;90;2020
186;35;84;64;41;52;2023
187;75;53;38;20;74;2022
188;15;93;58;65;39;2023
189;58;42;67;24;83;2021
190;87;76;35;50;28;2022
191;31;61;81;62;41;2023
192;62;89;45;28;57;2021
193;45;67;26;88;74;2020
194;72;31;79;17;69;2023
195;59;74;56;35;88;2022
196;83;40;72;15;91;2023
197;26;64;58;13;82;2021
198;68;54;37;97;46;2022
199;29;79;64;44;19;2023
200;54;51;83;21;71;2021
201;59;81;42;60;23;2022
202;83;27;94;35;48;2021
203;14;85;68;46;79;2020
204;70;35;74;57;20;2023
205;46;63;88;31;75;2022
206;75;38;96;51;22;2023
207;36;45;18;68;89;2021
208;58;91;63;27;71;2022
209;81;59;36;14;83;2023
210;32;67;53;84;30;2021
211;68;21;28;93;73;2020
212;43;78;81;67;32;2023
213;79;88;47;26;56;2022
214;29;72;20;43;92;2023
215;51;87;61;37;40;2021
216;90;23;94;12;74;2022
217;27;96;31;58;45;2023
218;64;48;73;29;15;2021
219;39;63;58;86;51;2020
220;45;99;71;21;47;2023
221;73;59;43;89;37;2022
222;17;74;60;38;70;2023
223;62;57;37;92;16;2021
224;31;84;47;22;77;2022
225;88;43;71;32;65;2023
226;47;74;58;19;90;2021
227;78;36;23;49;77;2020
228;24;95;67;63;32;2023
229;50;33;63;85;49;2022
230;82;65;28;54;63;2023
231;34;89;77;16;95;2021
232;61;16;24;42;82;2022
233;97;73;46;29;54;2023
234;22;53;79;38;60;2021
235;73;27;58;42;88;2020
236;37;82;69;47;25;2023
237;68;58;36;89;17;2022
238;18;95;52;26;71;2023
239;57;43;61;38;80;2021
240;85;75;30;57;46;2022
241;28;64;83;70;40;2023
242;60;87;46;26;59;2021
243;48;69;27;78;91;2020
244;75;25;65;41;72;2023
245;55;76;59;48;86;2022
246;89;38;75;20;97;2023
247;32;61;53;17;80;2021
248;71;47;36;63;27;2022
249;26;92;62;45;12;2023
250;63;52;83;38;70;2021
251;81;55;85;22;48;2020
252;39;85;70;54;29;2023
253;72;49;32;19;65;2022
254;96;30;79;29;57;2023
255;22;68;57;15;81;2021
256;60;53;34;91;41;2022
257;32;71;79;77;59;2023
258;45;28;73;39;20;2021
259;83;72;48;59;30;2020
260;27;95;67;24;63;2023
261;54;47;77;48;81;2022
262;86;35;72;12;90;2023
263;31;65;58;17;72;2021
264;70;51;35;98;43;2022
265;16;78;47;54;26;2023
266;52;37;61;27;84;2021
267;79;29;28;59;75;2020
268;28;98;67;73;32;2023
269;62;61;38;22;80;2022
270;95;47;72;35;54;2023
271;21;69;57;14;89;2021
272;73;39;74;20;67;2022
273;39;92;65;37;10;2023
274;54;54;82;43;73;2021
275;81;56;36;62;25;2020
276;42;74;56;19;90;2021
277;72;36;25;44;75;2020
278;23;94;67;62;36;2023
279;58;30;63;89;52;2022
280;81;69;28;55;65;2023
281;35;89;78;16;90;2021
282;60;14;23;43;81;2022
283;98;72;46;29;51;2023
284;21;51;79;38;66;2021
285;73;29;58;43;87;2020
286;38;83;68;49;26;2023
287;69;59;35;92;15;2022
288;17;96;52;27;73;2023
289;59;42;67;47;80;2021
290;85;74;30;54;41;2022
291;27;63;82;78;36;2023
292;53;87;46;29;58;2021
293;45;69;27;91;92;2020
294;77;25;64;40;76;2023
295;56;76;59;51;84;2022
296;89;38;75;28;99;2023
297;34;60;53;19;80;2021
298;70;46;36;65;29;2022
299;26;90;62;47;14;2023
300;67;53;83;30;76;2021
301;72;45;57;39;28;2022
302;56;23;82;41;59;2021
303;19;85;65;58;80;2020
304;70;38;73;49;21;2023
305;44;61;89;34;76;2022
306;78;35;98;53;23;2023
307;39;49;16;72;87;2021
308;51;92;64;28;79;2022
309;85;58;32;17;83;2023
310;30;68;54;80;36;2021
311;69;26;27;99;72;2020
312;42;77;81;65;39;2023
313;77;88;42;22;54;2022
314;32;70;21;47;91;2023
315;50;85;61;36;47;2021
316;89;24;94;11;70;2022
317;21;96;30;59;56;2023
318;61;45;79;23;19;2021
319;36;62;56;85;30;2020
320;47;99;71;28;42;2023
321;76;59;43;81;33;2022
322;14;76;60;34;79;2023
323;67;51;38;96;15;2021
324;28;87;47;25;75;2022
325;88;44;73;31;64;2023
326;45;73;56;20;90;2021
327;73;37;28;52;74;2020
328;25;94;68;61;35;2023
329;53;32;63;85;51;2022
330;82;66;29;50;62;2023
331;37;89;75;17;91;2021
332;62;18;22;44;83;2022
333;98;73;46;27;55;2023
334;22;57;79;37;66;2021
335;72;27;59;47;89;2020
336;35;81;69;59;24;2023
337;66;56;36;92;16;2022
338;19;95;52;29;74;2023
339;59;44;67;46;81;2021
340;87;72;30;51;58;2022
341;27;61;83;69;32;2023
342;51;89;46;21;64;2021
343;43;67;26;86;75;2020
344;75;24;63;42;89;2023
345;55;75;58;49;95;2022
346;89;36;74;23;98;2023
347;34;60;53;18;80;2021
348;70;46;38;67;27;2022
349;29;91;62;45;10;2023
350;68;52;84;37;72;2021
351;47;72;55;38;81;2022
352;81;25;83;44;57;2021
353;14;86;67;59;78;2020
354;69;37;72;48;20;2023
355;45;62;88;35;71;2022
356;76;34;97;52;24;2023
357;38;47;15;70;89;2021
358;52;90;63;31;73;2022
359;84;58;36;19;86;2023
360;31;69;52;82;39;2021
361;66;27;28;94;74;2020
362;44;79;81;64;32;2023
363;78;85;45;24;55;2022
364;32;73;20;41;90;2023
365;53;84;61;37;46;2021
366;87;22;93;15;75;2022
367;25;94;31;56;53;2023
368;63;46;76;27;17;2021
369;35;63;59;88;54;2020
370;48;98;71;30;48;2023
371;75;59;43;82;38;2022
372;19;77;60;33;68;2023
373;61;53;38;93;13;2021
374;34;88;47;28;80;2022
375;88;42;73;32;67;2023
376;45;71;56;21;91;2021
377;74;36;27;45;77;2020
378;22;95;68;65;37;2023
379;57;31;63;86;56;2022
380;82;67;29;53;66;2023
381;36;88;76;14;93;2021
382;64;19;22;45;79;2022
383;97;71;46;26;50;2023
384;20;50;79;35;69;2021
385;73;28;59;42;85;2020
386;35;83;67;47;25;2023
387;66;58;35;89;12;2022
388;17;96;53;26;70;2023
389;56;44;67;43;80;2021
390;83;73;30;57;47;2022
391;28;61;82;70;32;2023
392;51;88;46;24;60;2021
393;44;66;25;87;92;2020
394;72;25;64;39;78;2023
395;59;76;56;49;84;2022
396;86;37;75;20;99;2023
397;31;60;53;17;82;2021
398;69;46;37;62;26;2022
399;26;92;62;42;14;2023
400;65;50;83;38;71;2021
401;45;70;54;37;80;2022
402;79;24;82;43;56;2021
403;12;86;66;59;77;2020
404;71;39;73;48;23;2023
405;47;63;87;36;75;2022
406;77;36;96;51;28;2023
407;36;46;14;71;88;2021
408;53;89;62;30;70;2022
409;87;57;37;15;82;2023
410;32;68;53;83;38;2021
411;68;25;28;97;71;2020
412;41;78;81;66;34;2023
413;76;87;42;23;53;2022
414;29;72;20;42;90;2023
415;55;83;60;36;45;2021
416;88;23;94;13;76;2022
417;24;94;31;57;52;2023
418;63;47;76;28;19;2021
419;35;63;57;87;50;2020
420;49;98;70;27;44;2023
421;78;57;43;84;35;2022
422;15;75;60;32;73;2023
423;65;51;38;94;16;2021
424;37;88;47;29;78;2022
425;89;44;72;30;66;2023
426;46;70;56;20;91;2021
427;76;37;27;47;76;2020
428;21;95;68;61;39;2023
429;56;32;63;84;53;2022
430;82;68;30;54;61;2023
431;37;89;75;19;93;2021
432;62;17;23;47;81;2022
433;99;73;46;29;54;2023
434;23;58;79;38;65;2021
435;71;29;59;46;87;2020
436;35;82;69;48;22;2023
437;67;56;36;91;14;2022
438;18;96;53;25;73;2023
439;59;42;67;45;82;2021
440;86;71;30;53;55;2022
441;28;63;82;71;34;2023
442;50;88;46;23;61;2021
443;42;67;26;87;78;2020
444;73;25;63;44;89;2023
445;58;76;56;51;96;2022
446;89;36;74;25;97;2023
447;34;61;53;17;84;2021
448;70;47;37;68;25;2022
449;26;91;62;43;16;2023
450;63;52;84;39;75;2021
451;81;52;83;20;52;2020
452;39;80;69;47;23;2023
453;73;56;37;65;45;2022
454;95;38;73;14;89;2023
455;32;60;53;18;79;2021
456;68;46;39;66;29;2022
457;29;92;63;42;12;2023
458;65;54;85;37;70;2021
459;80;55;87;21;51;2022
460;33;69;77;15;72;2023
461;61;88;46;27;63;2021
462;43;66;25;85;76;2020
463;75;24;64;43;87;2023
464;58;78;59;53;98;2022
465;86;36;76;29;96;2023
466;31;61;53;13;81;2021
467;69;46;37;60;23;2022
468;26;95;62;42;18;2023
469;65;50;84;39;78;2021
470;81;50;85;21;49;2022
471;35;80;69;48;20;2023
472;73;54;38;65;41;2021
473;96;36;75;13;90;2020
474;21;64;57;42;89;2023
475;59;77;56;50;95;2022
476;86;35;76;27;99;2023
477;32;60;54;17;83;2021
478;70;47;37;68;24;2022
479;27;92;62;40;17;2023
480;67;52;84;39;75;2021
481;81;50;85;20;51;2020
482;36;80;70;47;22;2023
483;74;54;38;66;43;2022
484;95;36;75;14;88;2023
485;32;60;53;18;79;2021
486;68;47;37;68;25;2022
487;27;92;63;42;13;2023
488;65;53;85;37;71;2021
489;80;51;85;21;52;2022
490;35;80;69;48;23;2023
491;73;55;38;66;44;2021
492;96;37;76;13;89;2020
493;21;63;58;43;90;2023
494;59;78;56;51;97;2022
495;86;37;75;28;99;2023
496;32;60;54;17;82;2021
497;70;47;37;68;24;2022
498;27;92;62;40;18;2023
499;66;52;84;38;76;2021
500;81;50;85;20;50;2020
501;80;86;70;50;65;2022
502;91;77;33;48;69;2021
503;42;64;88;99;11;2020
504;53;59;42;78;54;2023
505;74;66;95;22;33;2022
506;35;70;59;89;44;2023
507;46;38;77;31;73;2021
508;27;97;26;66;90;2022
509;68;82;71;11;21;2023
510;39;54;44;77;25;2021
511;71;91;63;85;67;2020
512;20;17;36;59;12;2023
513;88;29;47;28;58;2022
514;56;78;93;16;99;2023
515;63;40;68;73;45;2021
516;19;31;57;37;60;2022
517;50;85;24;45;87;2023
518;44;63;89;52;81;2021
519;76;51;75;64;32;2020
520;61;72;84;97;13;2023
521;23;49;66;81;29;2022
522;92;60;53;21;74;2023
523;58;14;69;38;56;2021
524;37;98;45;55;80;2022
525;84;87;92;39;68;2023
526;65;76;74;63;22;2021
527;73;71;22;84;36;2020
528;16;95;57;47;77;2023
529;47;50;90;75;51;2022
530;29;33;64;31;18;2023
531;81;26;31;91;61;2021
532;12;48;83;58;42;2022
533;69;94;56;72;15;2023
534;97;35;78;93;38;2021
535;31;67;41;65;85;2020
536;45;70;88;49;72;2023
537;75;61;25;21;96;2022
538;56;82;60;46;37;2023
539;28;46;37;74;43;2021
540;89;29;69;56;24;2022
541;60;92;75;64;55;2023
542;14;58;23;36;81;2021
543;72;49;92;67;59;2020
544;53;34;64;26;75;2023
545;37;85;49;51;98;2022
546;68;43;57;82;30;2023
547;19;77;36;68;21;2021
548;95;25;82;39;66;2022
549;25;60;74;13;52;2023
550;82;99;46;58;28;2021
551;44;72;65;35;71;2020
552;66;57;80;74;48;2023
553;29;88;52;23;93;2022
554;71;96;39;46;62;2023
555;18;39;79;97;14;2021
556;53;67;25;88;76;2022
557;37;74;48;62;89;2023
558;88;23;91;15;53;2021
559;62;82;73;27;44;2020
560;47;54;66;37;70;2023
561;56;89;71;33;47;2022
562;21;43;75;64;59;2021
563;34;68;82;57;27;2020
564;77;51;94;38;85;2023
565;46;72;59;23;69;2022
566;59;93;26;44;32;2023
567;38;78;85;56;12;2021
568;42;64;73;27;61;2022
569;87;56;95;29;33;2023
570;29;66;62;37;84;2021
571;54;35;79;22;61;2020
572;65;51;90;73;28;2023
573;22;81;39;53;76;2022
574;59;77;25;72;93;2023
575;17;29;48;68;81;2021
576;46;86;33;57;71;2022
577;35;60;84;41;95;2023
578;68;53;80;27;89;2021
579;33;69;63;87;48;2020
580;72;52;30;91;79;2023
581;30;67;53;81;49;2022
582;83;46;63;73;20;2021
583;49;76;24;54;88;2020
584;64;87;51;23;38;2023
585;77;39;57;48;63;2022
586;53;80;66;39;29;2023
587;38;57;84;72;46;2021
588;47;67;56;81;24;2022
589;63;88;45;29;55;2023
590;25;75;52;57;39;2021
591;42;63;75;86;56;2020
592;69;80;32;52;46;2023
593;80;60;93;25;44;2022
594;45;74;57;35;85;2023
595;60;36;88;54;73;2021
596;79;48;63;88;29;2022
597;44;70;90;53;27;2023
598;76;59;89;45;33;2021
599;59;87;24;40;69;2020
600;81;42;66;79;56;2023
601;43;64;56;20;77;2022
602;88;53;71;34;59;2021
603;54;80;27;63;89;2020
604;74;48;58;65;36;2023
605;63;88;29;53;79;2022
606;85;51;74;62;29;2023
607;56;70;85;43;62;2021
608;47;62;44;80;55;2022
609;71;49;86;35;58;2023
610;53;77;62;26;47;2021
611;34;59;81;70;48;2020
612;77;46;63;29;54;2023
613;60;80;52;71;43;2022
614;82;55;73;42;65;2021
615;45;76;58;89;32;2020
616;63;39;84;59;75;2023
617;69;48;55;88;62;2022
618;52;81;67;35;48;2023
619;81;62;46;25;59;2021
620;59;74;51;69;44;2022
621;78;55;88;64;39;2023
622;56;70;49;85;62;2021
623;41;59;76;54;67;2020
624;75;45;61;88;51;2023
625;58;78;39;52;70;2022
626;70;57;83;48;62;2023
627;47;89;60;72;38;2021
628;22;55;73;49;67;2022
629;81;63;46;58;39;2023
630;59;75;52;69;47;2021
631;76;58;88;64;35;2020
632;54;72;46;62;38;2023
633;62;53;75;47;66;2022
634;80;64;48;57;39;2023
635;57;76;39;65;48;2021
636;69;52;81;47;58;2022
637;77;61;52;70;43;2023
638;63;79;47;58;50;2021
639;72;56;82;45;60;2020
640;58;74;42;63;55;2023
641;71;54;67;46;59;2022
642;76;60;52;73;47;2021
643;55;78;45;66;49;2020
644;80;59;72;43;61;2023
645;58;67;39;54;76;2022
646;69;49;75;56;63;2023
647;81;60;73;47;55;2021
648;64;81;39;59;47;2022
649;75;55;67;43;68;2023
650;54;76;48;61;58;2021
651;69;58;70;49;53;2020
652;78;51;65;43;60;2023
653;60;74;47;58;56;2022
654;82;55;69;45;61;2023
655;59;68;42;75;50;2021
656;67;52;72;46;64;2022
657;74;62;45;59;53;2023
658;54;71;48;65;51;2021
659;66;58;70;49;55;2020
660;76;46;64;39;72;2023
661;60;68;43;59;58;2022
662;81;52;72;47;63;2021
663;58;79;45;68;49;2020
664;75;47;67;39;71;2023
665;62;73;46;65;50;2022
666;77;53;71;49;60;2023
667;57;80;45;70;52;2021
668;69;48;73;51;61;2022
669;79;59;65;42;70;2023
670;56;72;48;66;54;2021
671;72;54;68;47;62;2020
672;76;58;71;46;64;2023
673;60;79;42;67;50;2022
674;78;47;72;51;62;2023
675;57;70;45;65;53;2021
676;73;50;69;55;61;2022
677;80;56;72;46;63;2023
678;62;75;44;68;51;2021
679;77;53;71;49;66;2020
680;67;78;47;69;55;2023
681;54;72;46;63;59;2022
682;72;58;70;49;65;2023
683;59;77;45;68;52;2021
684;75;47;73;51;62;2022
685;61;79;48;67;54;2023
686;79;56;71;46;64;2021
687;64;75;42;68;50;2022
688;74;48;72;53;65;2023
689;61;79;45;70;51;2021
690;77;53;69;50;62;2020
691;67;74;46;68;54;2023
692;55;77;48;65;59;2022
693;70;58;71;51;66;2023
694;60;75;47;69;52;2021
695;76;53;72;49;64;2022
696;62;78;45;69;56;2023
697;78;51;73;47;65;2021
698;63;76;46;70;54;2022
699;73;58;71;48;66;2023
700;56;77;42;69;50;2021
701;76;51;72;47;63;2020
702;63;73;45;68;55;2023
703;71;53;76;49;62;2022
704;80;59;72;46;65;2023
705;58;78;43;68;51;2021
706;76;47;71;52;64;2022
707;65;79;48;69;56;2023
708;81;54;73;46;61;2021
709;64;77;45;69;57;2020
710;74;48;72;51;66;2023
711;59;78;46;69;53;2022
712;75;53;70;50;64;2023
713;64;77;44;70;52;2021
714;76;51;75;49;63;2022
715;65;80;46;70;55;2023
716;79;53;71;48;65;2021
717;67;76;45;68;58;2022
718;72;58;73;52;67;2023
719;61;79;47;70;54;2021
720;78;52;74;46;65;2020
721;67;78;45;70;56;2023
722;75;51;72;48;64;2022
723;62;77;44;68;59;2023
724;74;53;71;47;66;2021
725;65;79;46;70;57;2022
726;76;52;73;49;65;2023
727;58;78;45;69;60;2021
728;78;51;72;47;63;2020
729;64;77;46;70;58;2023
730;72;54;75;50;66;2022
731;80;57;73;48;64;2023
732;57;78;44;70;61;2021
733;79;52;72;46;65;2022
734;65;78;47;69;59;2023
735;75;53;73;48;66;2021
736;59;80;45;68;62;2022
737;71;56;74;50;67;2023
738;62;76;48;70;60;2021
739;76;54;72;47;65;2020
740;65;78;46;69;63;2023
741;72;58;74;49;68;2022
742;80;51;72;45;66;2023
743;59;78;44;71;64;2021
744;76;53;73;48;65;2022
745;66;79;46;70;65;2023
746;77;55;72;47;66;2021
747;62;80;45;69;66;2022
748;72;58;76;48;67;2023
749;61;78;47;70;68;2021
750;78;52;74;46;65;2020
751;63;79;44;70;70;2023
752;74;54;76;49;67;2022
753;79;56;73;48;66;2023
754;61;80;45;68;71;2021
755;77;52;74;46;65;2022
756;67;77;47;70;73;2023
757;80;54;72;48;66;2021
758;64;80;44;69;75;2022
759;75;58;76;49;68;2023
760;63;80;47;70;77;2021
761;78;53;74;45;67;2020
762;65;78;46;71;78;2023
763;74;56;77;48;68;2022
764;81;59;75;46;66;2023
765;58;79;44;70;79;2021
766;78;53;74;45;67;2022
767;69;78;47;71;81;2023
768;81;57;75;49;69;2021
769;62;81;45;70;83;2022
770;75;56;77;48;68;2023
771;66;79;46;71;85;2021
772;78;55;74;47;67;2020
773;68;79;44;70;87;2023
774;74;57;76;49;69;2022
775;82;58;75;47;66;2023
776;60;81;45;71;89;2021
777;80;54;74;48;67;2022
778;71;77;47;70;91;2023
779;82;59;75;46;66;2021
780;63;81;45;71;93;2022
781;78;55;76;47;67;2023
782;65;80;46;71;95;2021
783;80;56;74;48;68;2020
784;69;81;44;70;97;2023
785;76;57;76;47;66;2022
786;82;58;75;45;65;2023
787;61;80;45;71;99;2021
788;79;54;74;47;67;2022
789;72;79;47;70;100;2023
790;81;59;75;46;66;2021
791;64;81;44;71;101;2022
792;76;56;76;48;68;2023
793;67;80;45;71;102;2021
794;79;55;74;47;67;2020
795;70;81;47;70;103;2023
796;78;57;75;46;66;2022
797;83;58;76;48;65;2023
798;63;80;45;71;104;2021
799;81;54;74;47;67;2022
800;72;79;47;70;105;2023
801;84;59;75;46;66;2021
802;65;81;45;71;106;2022
803;76;56;76;47;67;2023
804;66;80;47;70;107;2021
805;80;55;74;48;68;2020
806;68;79;47;71;108;2023
807;79;57;75;46;66;2022
808;85;58;76;48;65;2023
809;64;80;45;71;109;2021
810;81;54;74;47;67;2022
811;71;79;47;70;110;2023
812;86;59;75;46;66;2021
813;66;81;45;71;111;2022
814;78;56;76;47;67;2023
815;67;80;47;70;112;2021
816;82;55;74;48;68;2020
817;69;79;47;71;113;2023
818;80;57;75;46;66;2022
819;87;58;76;48;65;2023
820;65;80;45;71;114;2021
821;83;54;74;47;67;2022
822;72;79;47;70;115;2023
823;88;59;75;46;66;2021
824;67;81;45;71;116;2022
825;79;56;76;47;67;2023
826;70;80;47;70;117;2021
827;84;55;74;48;68;2022
828;73;79;47;71;118;2023
829;89;57;75;46;66;2021
830;68;80;45;71;119;2022
831;80;56;76;47;67;2023
832;71;79;47;70;120;2021
833;85;54;74;48;68;2022
834;74;79;47;71;121;2023
835;90;59;75;46;66;2021
836;69;81;45;71;122;2022
837;81;56;76;47;67;2023
838;72;80;47;70;123;2021
839;86;55;74;48;68;2020
840;75;79;47;71;124;2023
841;91;57;75;46;66;2022
842;70;81;45;71;125;2023
843;82;54;76;48;67;2021
844;73;80;47;70;126;2022
845;87;56;74;46;68;2023
846;92;58;75;48;65;2021
847;68;81;45;71;127;2022
848;83;56;76;47;67;2023
849;74;80;47;70;128;2021
850;88;55;74;48;68;2020
851;75;79;47;71;129;2023
852;93;59;75;46;66;2022
853;70;81;45;71;130;2023
854;84;54;76;47;67;2021
855;76;80;47;70;131;2022
856;89;56;74;46;68;2023
857;94;58;75;48;65;2021
858;69;81;45;71;132;2022
859;85;56;76;47;67;2023
860;77;80;47;70;133;2021
861;90;55;74;48;68;2020
862;77;79;47;71;134;2023
863;95;59;75;46;66;2022
864;71;81;45;71;135;2023
865;86;54;76;47;67;2021
866;78;80;47;70;136;2022
867;91;56;74;46;68;2023
868;96;58;75;48;65;2021
869;72;81;45;71;137;2022
870;87;56;76;47;67;2023
871;79;80;47;70;138;2021
872;92;55;74;48;68;2020
873;78;79;47;71;139;2023
874;97;59;75;46;66;2022
875;73;81;45;71;140;2023
876;88;54;76;47;67;2021
877;80;80;47;70;141;2022
878;93;56;74;46;68;2023
879;98;58;75;48;65;2021
880;74;81;45;71;142;2022
881;89;56;76;47;67;2023
882;81;80;47;70;143;2021
883;94;55;74;48;68;2020
884;79;79;47;71;144;2023
885;99;59;75;46;66;2022
886;75;81;45;71;145;2023
887;90;54;76;47;67;2021
888;82;80;47;70;146;2022
889;95;56;74;46;68;2023
890;100;58;75;48;65;2021
891;76;81;45;71;147;2022
892;91;56;76;47;67;2023
893;83;80;47;70;148;2021
894;96;55;74;48;68;2020
895;80;79;47;71;149;2023
896;101;59;75;46;66;2022
897;77;81;45;71;150;2023
898;92;54;76;47;67;2021
899;84;80;47;70;151;2022
900;97;56;74;46;68;2023
901;102;58;75;48;65;2021
902;78;81;45;71;152;2022
903;93;56;76;47;67;2023
904;85;80;47;70;153;2021
905;98;55;74;48;68;2020
906;81;79;47;71;154;2023
907;103;59;75;46;66;2022
908;79;81;45;71;155;2023
909;94;54;76;47;67;2021
910;86;80;47;70;156;2022
911;99;56;74;46;68;2023
912;104;58;75;48;65;2021
913;80;81;45;71;157;2022
914;95;56;76;47;67;2023
915;87;80;47;70;158;2021
916;100;55;74;48;68;2020
917;82;79;47;71;159;2023
918;105;59;75;46;66;2022
919;81;81;45;71;160;2023
920;96;54;76;47;67;2021
921;88;80;47;70;161;2022
922;101;56;74;46;68;2023
923;106;58;75;48;65;2021
924;83;81;45;71;162;2022
925;97;56;76;47;67;2023
926;89;80;47;70;163;2021
927;102;55;74;48;68;2020
928;84;79;47;71;164;2023
929;107;59;75;46;66;2022
930;82;81;45;71;165;2023
931;98;54;76;47;67;2021
932;90;80;47;70;166;2022
933;103;56;74;46;68;2023
934;108;58;75;48;65;2021
935;85;81;45;71;167;2022
936;99;56;76;47;67;2023
937;91;80;47;70;168;2021
938;104;55;74;48;68;2020
939;86;79;47;71;169;2023
940;109;59;75;46;66;2022
941;83;81;45;71;170;2023
942;100;54;76;47;67;2021
943;92;80;47;70;171;2022
944;105;56;74;46;68;2023
945;110;58;75;48;65;2021
946;87;81;45;71;172;2022
947;101;56;76;47;67;2023
948;93;80;47;70;173;2021
949;106;55;74;48;68;2020
950;88;79;47;71;174;2023
951;111;59;75;46;66;2022
952;84;81;45;71;175;2023
953;102;54;76;47;67;2021
954;94;80;47;70;176;2022
955;107;56;74;46;68;2023
956;112;58;75;48;65;2021
957;89;81;45;71;177;2022
958;103;56;76;47;67;2023
959;95;80;47;70;178;2021
960;108;55;74;48;68;2020
961;90;79;47;71;179;2023
962;113;59;75;46;66;2022
963;85;81;45;71;180;2023
964;104;54;76;47;67;2021
965;96;80;47;70;181;2022
966;109;56;74;46;68;2023
967;114;58;75;48;65;2021
968;91;81;45;71;182;2022
969;105;56;76;47;67;2023
970;97;80;47;70;183;2021
971;110;55;74;48;68;2020
972;92;79;47;71;184;2023
973;115;59;75;46;66;2022
974;86;81;45;71;185;2023
975;106;54;76;47;67;2021
976;98;80;47;70;186;2022
977;111;56;74;46;68;2023
978;116;58;75;48;65;2021
979;93;81;45;71;187;2022
980;107;56;76;47;67;2023
981;99;80;47;70;188;2021
982;112;55;74;48;68;2020
983;94;79;47;71;189;2023
984;117;59;75;46;66;2022
985;87;81;45;71;190;2023
986;108;54;76;47;67;2021
987;100;80;47;70;191;2022
988;113;56;74;46;68;2023
989;118;58;75;48;65;2021
990;95;81;45;71;192;2022
991;109;56;76;47;67;2023
992;101;80;47;70;193;2021
993;114;55;74;48;68;2020
994;96;79;47;71;194;2023
995;119;59;75;46;66;2022
996;88;81;45;71;195;2023
997;110;54;76;47;67;2021
998;102;80;47;70;196;2022
999;115;56;74;46;68;2023
1000;120;58;75;48;65;2021
1001;97;81;45;71;197;2022
1002;111;56;76;47;67;2023
1003;103;80;47;70;198;2021
1004;116;55;74;48;68;2020
1005;98;79;47;71;199;2023
1006;121;59;75;46;66;2022
1007;89;81;45;71;200;2023
1008;112;54;76;47;67;2021
1009;104;80;47;70;201;2022
1010;117;56;74;46;68;2023
1011;122;58;75;48;65;2021
1012;99;81;45;71;202;2022
1013;113;56;76;47;67;2023
1014;105;80;47;70;203;2021
1015;118;55;74;48;68;2020
1016;100;79;47;71;204;2023
1017;123;59;75;46;66;2022
1018;90;81;45;71;205;2023
1019;114;54;76;47;67;2021
1020;106;80;47;70;206;2022
1021;119;56;74;46;68;2023
1022;124;58;75;48;65;2021
1023;101;81;45;71;207;2022
1024;115;56;76;47;67;2023
1025;107;80;47;70;208;2021
1026;120;55;74;48;68;2020
1027;102;79;47;71;209;2023
1028;125;59;75;46;66;2022
1029;91;81;45;71;210;2023
1030;116;54;76;47;67;2021
1031;108;80;47;70;211;2022
1032;121;56;74;46;68;2023
1033;126;58;75;48;65;2021
1034;103;81;45;71;212;2022
1035;117;56;76;47;67;2023
1036;109;80;47;70;213;2021
1037;122;55;74;48;68;2020
1038;104;79;47;71;214;2023
1039;127;59;75;46;66;2022
1040;92;81;45;71;215;2023
1041;118;54;76;47;67;2021
1042;110;80;47;70;216;2022
1043;123;56;74;46;68;2023
1044;128;58;75;48;65;2021
1045;105;81;45;71;217;2022
1046;119;56;76;47;67;2023
1047;111;80;47;70;218;2021
1048;124;55;74;48;68;2020
1049;106;79;47;71;219;2023
1050;129;59;75;46;66;2022
1051;93;81;45;71;220;2023
1052;120;54;76;47;67;2021
1053;112;80;47;70;221;2022
1054;125;56;74;46;68;2023
1055;130;58;75;48;65;2021
1056;107;81;45;71;222;2022
1057;121;56;76;47;67;2023
1058;113;80;47;70;223;2021
1059;126;55;74;48;68;2020
1060;108;79;47;71;224;2023
1061;131;59;75;46;66;2022
1062;94;81;45;71;225;2023
1063;122;54;76;47;67;2021
1064;114;80;47;70;226;2022
1065;127;56;74;46;68;2023
1066;132;58;75;48;65;2021
1067;109;81;45;71;227;2022
1068;123;56;76;47;67;2023
1069;115;80;47;70;228;2021
1070;128;55;74;48;68;2020
1071;110;79;47;71;229;2023
1072;133;59;75;46;66;2022
1073;95;81;45;71;230;2023
1074;124;54;76;47;67;2021
1075;116;80;47;70;231;2022
1076;129;56;74;46;68;2023
1077;134;58;75;48;65;2021
1078;111;81;45;71;232;2022
1079;125;56;76;47;67;2023
1080;117;80;47;70;233;2021
1081;130;55;74;48;68;2020
1082;112;79;47;71;234;2023
1083;135;59;75;46;66;2022
1084;96;81;45;71;235;2023
1085;126;54;76;47;67;2021
1086;118;80;47;70;236;2022
1087;131;56;74;46;68;2023
1088;136;58;75;48;65;2021
1089;113;81;45;71;237;2022
1090;127;56;76;47;67;2023
1091;119;80;47;70;238;2021
1092;132;55;74;48;68;2020
1093;114;79;47;71;239;2023
1094;137;59;75;46;66;2022
1095;97;81;45;71;240;2023
1096;128;54;76;47;67;2021
1097;120;80;47;70;241;2022
1098;133;56;74;46;68;2023
1099;138;58;75;48;65;2021
1100;115;81;45;71;242;2022
1101;129;56;76;47;67;2023
1102;121;80;47;70;243;2021
1103;134;55;74;48;68;2020
1104;116;79;47;71;244;2023
1105;139;59;75;46;66;2022
1106;98;81;45;71;245;2023
1107;130;54;76;47;67;2021
1108;122;80;47;70;246;2022
1109;135;56;74;46;68;2023
1110;140;58;75;48;65;2021
1111;117;81;45;71;247;2022
1112;131;56;76;47;67;2023
1113;123;80;47;70;248;2021
1114;136;55;74;48;68;2020
1115;118;79;47;71;249;2023
1116;141;59;75;46;66;2022
1117;99;81;45;71;250;2023
1118;132;54;76;47;67;2021
1119;124;80;47;70;251;2022
1120;137;56;74;46;68;2023
1121;142;58;75;48;65;2021
1122;119;81;45;71;252;2022
1123;133;56;76;47;67;2023
1124;125;80;47;70;253;2021
1125;138;55;74;48;68;2020
1126;120;79;47;71;254;2023
1127;143;59;75;46;66;2022
1128;100;81;45;71;255;2023
1129;134;54;76;47;67;2021
1130;126;80;47;70;256;2022
1131;139;56;74;46;68;2023
1132;144;58;75;48;65;2021
1133;121;81;45;71;257;2022
1134;135;56;76;47;67;2023
1135;127;80;47;70;258;2021
1136;140;55;74;48;68;2020
1137;122;79;47;71;259;2023
1138;145;59;75;46;66;2022
1139;101;81;45;71;260;2023
1140;136;54;76;47;67;2021
1141;128;80;47;70;261;2022
1142;141;56;74;46;68;2023
1143;146;58;75;48;65;2021
1144;123;81;45;71;262;2022
1145;137;56;76;47;67;2023
1146;129;80;47;70;263;2021
1147;142;55;74;48;68;2020
1148;124;79;47;71;264;2023
1149;147;59;75;46;66;2022
1150;102;81;45;71;265;2023
1151;138;54;76;47;67;2021
1152;130;80;47;70;266;2022
1153;143;56;74;46;68;2023
1154;148;58;75;48;65;2021
1155;125;81;45;71;267;2022
1156;139;56;76;47;67;2023
1157;131;80;47;70;268;2021
1158;144;55;74;48;68;2020
1159;126;79;47;71;269;2023
1160;149;59;75;46;66;2022
1161;103;81;45;71;270;2023
1162;140;54;76;47;67;2021
1163;132;80;47;70;271;2022
1164;145;56;74;46;68;2023
1165;150;58;75;48;65;2021
1166;127;81;45;71;272;2022
1167;141;56;76;47;67;2023
1168;133;80;47;70;273;2021
1169;146;55;74;48;68;2020
1170;128;79;47;71;274;2023
1171;151;59;75;46;66;2022
1172;104;81;45;71;275;2023
1173;142;54;76;47;67;2021
1174;134;80;47;70;276;2022
1175;147;56;74;46;68;2023
1176;152;58;75;48;65;2021
1177;129;81;45;71;277;2022
1178;143;56;76;47;67;2023
1179;135;80;47;70;278;2021
1180;148;55;74;48;68;2020
1181;130;79;47;71;279;2023
1182;153;59;75;46;66;2022
1183;105;81;45;71;280;2023
1184;144;54;76;47;67;2021
1185;136;80;47;70;281;2022
1186;149;56;74;46;68;2023
1187;154;58;75;48;65;2021
1188;131;81;45;71;282;2022
1189;145;56;76;47;67;2023
1190;137;80;47;70;283;2021
1191;150;55;74;48;68;2020
1192;132;79;47;71;284;2023
1193;155;59;75;46;66;2022
1194;106;81;45;71;285;2023
1195;146;54;76;47;67;2021
1196;138;80;47;70;286;2022
1197;151;56;74;46;68;2023
1198;156;58;75;48;65;2021
1199;133;81;45;71;287;2022
1200;147;56;76;47;67;2023
1201;139;80;47;70;288;2021
1202;152;55;74;48;68;2020
1203;134;79;47;71;289;2023
1204;157;59;75;46;66;2022
1205;107;81;45;71;290;2023
1206;148;54;76;47;67;2021
1207;140;80;47;70;291;2022
1208;153;56;74;46;68;2023
1209;158;58;75;48;65;2021
1210;135;81;45;71;292;2022
1211;149;56;76;47;67;2023
1212;141;80;47;70;293;2021
1213;154;55;74;48;68;2020
1214;136;79;47;71;294;2023
1215;159;59;75;46;66;2022
1216;108;81;45;71;295;2023
1217;150;54;76;47;67;2021
1218;142;80;47;70;296;2022
1219;155;56;74;46;68;2023
1220;160;58;75;48;65;2021
1221;137;81;45;71;297;2022
1222;151;56;76;47;67;2023
1223;143;80;47;70;298;2021
1224;156;55;74;48;68;2020
1225;138;79;47;71;299;2023
1226;161;59;75;46;66;2022
1227;109;81;45;71;300;2023
1228;152;54;76;47;67;2021
1229;144;80;47;70;301;2022
1230;157;56;74;46;68;2023
1231;162;58;75;48;65;2021
1232;139;81;45;71;302;2022
1233;153;56;76;47;67;2023
1234;145;80;47;70;303;2021
1235;158;55;74;48;68;2020
1236;140;79;47;71;304;2023
1237;163;59;75;46;66;2022
1238;110;81;45;71;305;2023
1239;154;54;76;47;67;2021
1240;146;80;47;70;306;2022
1241;159;56;74;46;68;2023
1242;164;58;75;48;65;2021
1243;141;81;45;71;307;2022
1244;155;56;76;47;67;2023
1245;147;80;47;70;308;2021
1246;160;55;74;48;68;2020
1247;142;79;47;71;309;2023
1248;165;59;75;46;66;2022
1249;111;81;45;71;310;2023
1250;156;54;76;47;67;2021
1251;148;80;47;70;311;2022
1252;161;56;74;46;68;2023
1253;166;58;75;48;65;2021
1254;143;81;45;71;312;2022
1255;157;56;76;47;67;2023
1256;149;80;47;70;313;2021
1257;162;55;74;48;68;2020
1258;144;79;47;71;314;2023
1259;167;59;75;46;66;2022
1260;112;81;45;71;315;2023
1261;158;54;76;47;67;2021
1262;150;80;47;70;316;2022
1263;163;56;74;46;68;2023
1264;168;58;75;48;65;2021
1265;145;81;45;71;317;2022
1266;159;56;76;47;67;2023
1267;151;80;47;70;318;2021
1268;164;55;74;48;68;2020
1269;146;79;47;71;319;2023
1270;169;59;75;46;66;2022
1271;113;81;45;71;320;2023
1272;160;54;76;47;67;2021
1273;152;80;47;70;321;2022
1274;165;56;74;46;68;2023
1275;170;58;75;48;65;2021
1276;147;81;45;71;322;2022
1277;161;56;76;47;67;2023
1278;153;80;47;70;323;2021
1279;166;55;74;48;68;2020
1280;148;79;47;71;324;2023
1281;171;59;75;46;66;2022
1282;114;81;45;71;325;2023
1283;162;54;76;47;67;2021
1284;154;80;47;70;326;2022
1285;167;56;74;46;68;2023
1286;172;58;75;48;65;2021
1287;149;81;45;71;327;2022
1288;163;56;76;47;67;2023
1289;155;80;47;70;328;2021
1290;168;55;74;48;68;2020
1291;150;79;47;71;329;2023
1292;173;59;75;46;66;2022
1293;115;81;45;71;330;2023
1294;164;54;76;47;67;2021
1295;156;80;47;70;331;2022
1296;169;56;74;46;68;2023
1297;174;58;75;48;65;2021
1298;151;81;45;71;332;2022
1299;165;56;76;47;67;2023
1300;157;80;47;70;333;2021
1301;170;55;74;48;68;2020
1302;152;79;47;71;334;2023
1303;175;59;75;46;66;2022
1304;116;81;45;71;335;2023
1305;166;54;76;47;67;2021
1306;158;80;47;70;336;2022
1307;171;56;74;46;68;2023
1308;176;58;75;48;65;2021
1309;153;81;45;71;337;2022
1310;167;56;76;47;67;2023
1311;159;80;47;70;338;2021
1312;172;55;74;48;68;2020
1313;154;79;47;71;339;2023
1314;177;59;75;46;66;2022
1315;117;81;45;71;340;2023
1316;168;54;76;47;67;2021
1317;160;80;47;70;341;2022
1318;173;56;74;46;68;2023
1319;178;58;75;48;65;2021
1320;155;81;45;71;342;2022
1321;169;56;76;47;67;2023
1322;161;80;47;70;343;2021
1323;174;55;74;48;68;2020
1324;156;79;47;71;344;2023
1325;179;59;75;46;66;2022
1326;118;81;45;71;345;2023
1327;170;54;76;47;67;2021
1328;162;80;47;70;346;2022
1329;175;56;74;46;68;2023
1330;180;58;75;48;65;2021
1331;157;81;45;71;347;2022
1332;171;56;76;47;67;2023
1333;163;80;47;70;348;2021
1334;176;55;74;48;68;2020
1335;158;79;47;71;349;2023
1336;181;59;75;46;66;2022
1337;119;81;45;71;350;2023
1338;172;54;76;47;67;2021
1339;164;80;47;70;351;2022
1340;177;56;74;46;68;2023
1341;182;58;75;48;65;2021
1342;159;81;45;71;352;2022
1343;173;56;76;47;67;2023
1344;165;80;47;70;353;2021
1345;178;55;74;48;68;2020
1346;160;79;47;71;354;2023
1347;183;59;75;46;66;2022
1348;120;81;45;71;355;2023
1349;174;54;76;47;67;2021
1350;166;80;47;70;356;2022
1351;179;56;74;46;68;2023
1352;184;58;75;48;65;2021
1353;161;81;45;71;357;2022
1354;175;56;76;47;67;2023
1355;167;80;47;70;358;2021
1356;180;55;74;48;68;2020
1357;162;79;47;71;359;2023
1358;185;59;75;46;66;2022
1359;121;81;45;71;360;2023
1360;176;54;76;47;67;2021
1361;168;80;47;70;361;2022
1362;181;56;74;46;68;2023
1363;186;58;75;48;65;2021
1364;163;81;45;71;362;2022
1365;177;56;76;47;67;2023
1366;169;80;47;70;363;2021
1367;182;55;74;48;68;2020
1368;164;79;47;71;364;2023
1369;187;59;75;46;66;2022
1370;122;81;45;71;365;2023
1371;178;54;76;47;67;2021
1372;170;80;47;70;366;2022
1373;183;56;74;46;68;2023
1374;188;58;75;48;65;2021
1375;165;81;45;71;367;2022
1376;179;56;76;47;67;2023
1377;171;80;47;70;368;2021
1378;184;55;74;48;68;2020
1379;166;79;47;71;369;2023
1380;189;59;75;46;66;2022
1381;123;81;45;71;370;2023
1382;180;54;76;47;67;2021
1383;172;80;47;70;371;2022
1384;185;56;74;46;68;2023
1385;190;58;75;48;65;2021
1386;167;81;45;71;372;2022
1387;181;56;76;47;67;2023
1388;173;80;47;70;373;2021
1389;186;55;74;48;68;2020
1390;168;79;47;71;374;2023
1391;191;59;75;46;66;2022
1392;124;81;45;71;375;2023
1393;182;54;76;47;67;2021
1394;174;80;47;70;376;2022
1395;187;56;74;46;68;2023
1396;192;58;75;48;65;2021
1397;169;81;45;71;377;2022
1398;183;56;76;47;67;2023
1399;175;80;47;70;378;2021
1400;188;55;74;48;68;2020
1401;170;79;47;71;379;2023
1402;193;59;75;46;66;2022
1403;125;81;45;71;380;2023
1404;184;54;76;47;67;2021
1405;176;80;47;70;381;2022
1406;189;56;74;46;68;2023
1407;194;58;75;48;65;2021
1408;171;81;45;71;382;2022
1409;185;56;76;47;67;2023
1410;177;80;47;70;383;2021
1411;190;55;74;48;68;2020
1412;172;79;47;71;384;2023
1413;195;59;75;46;66;2022
1414;126;81;45;71;385;2023
1415;186;54;76;47;67;2021
1416;178;80;47;70;386;2022
1417;191;56;74;46;68;2023
1418;196;58;75;48;65;2021
1419;173;81;45;71;387;2022
1420;187;56;76;47;67;2023
1421;179;80;47;70;388;2021
1422;192;55;74;48;68;2020
1423;174;79;47;71;389;2023
1424;197;59;75;46;66;2022
1425;127;81;45;71;390;2023
1426;188;54;76;47;67;2021
1427;180;80;47;70;391;2022
1428;193;56;74;46;68;2023
1429;198;58;75;48;65;2021
1430;175;81;45;71;392;2022
1431;189;56;76;47;67;2023
1432;181;80;47;70;393;2021
1433;194;55;74;48;68;2020
1434;176;79;47;71;394;2023
1435;199;59;75;46;66;2022
1436;128;81;45;71;395;2023
1437;190;54;76;47;67;2021
1438;182;80;47;70;396;2022
1439;195;56;74;46;68;2023
1440;200;58;75;48;65;2021
1441;177;81;45;71;397;2022
1442;191;56;76;47;67;2023
1443;183;80;47;70;398;2021
1444;196;55;74;48;68;2020
1445;178;79;47;71;399;2023
1446;201;59;75;46;66;2022
1447;129;81;45;71;400;2023
1448;192;54;76;47;67;2021
1449;184;80;47;70;401;2022
1450;197;56;74;46;68;2023
1451;202;58;75;48;65;2021
1452;179;81;45;71;402;2022
1453;193;56;76;47;67;2023
1454;185;80;47;70;403;2021
1455;198;55;74;48;68;2020
1456;180;79;47;71;404;2023
1457;203;59;75;46;66;2022
1458;130;81;45;71;405;2023
1459;194;54;76;47;67;2021
1460;186;80;47;70;406;2022
1461;199;56;74;46;68;2023
1462;204;58;75;48;65;2021
1463;181;81;45;71;407;2022
1464;195;56;76;47;67;2023
1465;187;80;47;70;408;2021
1466;200;55;74;48;68;2020
1467;182;79;47;71;409;2023
1468;205;59;75;46;66;2022
1469;131;81;45;71;410;2023
1470;196;54;76;47;67;2021
1471;188;80;47;70;411;2022
1472;201;56;74;46;68;2023
1473;206;58;75;48;65;2021
1474;183;81;45;71;412;2022
1475;197;56;76;47;67;2023
1476;189;80;47;70;413;2021
1477;202;55;74;48;68;2020
1478;184;79;47;71;414;2023
1479;207;59;75;46;66;2022
1480;132;81;45;71;415;2023
1481;198;54;76;47;67;2021
1482;190;80;47;70;416;2022
1483;203;56;74;46;68;2023
1484;208;58;75;48;65;2021
1485;185;81;45;71;417;2022
1486;199;56;76;47;67;2023
1487;191;80;47;70;418;2021
1488;204;55;74;48;68;2020
1489;186;79;47;71;419;2023
1490;209;59;75;46;66;2022
1491;133;81;45;71;420;2023
1492;200;54;76;47;67;2021
1493;192;80;47;70;421;2022
1494;205;56;74;46;68;2023
1495;210;58;75;48;65;2021
1496;187;81;45;71;422;2022
1497;201;56;76;47;67;2023
1498;193;80;47;70;423;2021
1499;206;55;74;48;68;2020
1500;188;79;47;71;424;2023
1501;211;59;75;46;66;2022
1502;134;81;45;71;425;2023
1503;202;54;76;47;67;2021
1504;194;80;47;70;426;2022
1505;207;56;74;46;68;2023
1506;212;58;75;48;65;2021
1507;189;81;45;71;427;2022
1508;203;56;76;47;67;2023
1509;195;80;47;70;428;2021
1510;208;55;74;48;68;2020
1511;190;79;47;71;429;2023
1512;213;59;75;46;66;2022
1513;135;81;45;71;430;2023
1514;204;54;76;47;67;2021
1515;196;80;47;70;431;2022
1516;209;56;74;46;68;2023
1517;214;58;75;48;65;2021
1518;191;81;45;71;432;2022
1519;205;56;76;47;67;2023
1520;197;80;47;70;433;2021
1521;210;55;74;48;68;2020
1522;192;79;47;71;434;2023
1523;215;59;75;46;66;2022
1524;136;81;45;71;435;2023
1525;206;54;76;47;67;2021
1526;198;80;47;70;436;2022
1527;211;56;74;46;68;2023
1528;216;58;75;48;65;2021
1529;193;81;45;71;437;2022
1530;207;56;76;47;67;2023
1531;199;80;47;70;438;2021
1532;212;55;74;48;68;2020
1533;194;79;47;71;439;2023
1534;217;59;75;46;66;2022
1535;137;81;45;71;440;2023
1536;208;54;76;47;67;2021
1537;200;80;47;70;441;2022
1538;213;56;74;46;68;2023
1539;218;58;75;48;65;2021
1540;195;81;45;71;442;2022
1541;209;56;76;47;67;2023
1542;201;80;47;70;443;2021
1543;214;55;74;48;68;2020
1544;196;79;47;71;444;2023
1545;219;59;75;46;66;2022
1546;138;81;45;71;445;2023
1547;210;54;76;47;67;2021
1548;202;80;47;70;446;2022
1549;215;56;74;46;68;2023
1550;220;58;75;48;65;2021
1551;197;81;45;71;447;2022
1552;211;56;76;47;67;2023
1553;203;80;47;70;448;2021
1554;216;55;74;48;68;2020
1555;198;79;47;71;449;2023
1556;221;59;75;46;66;2022
1557;139;81;45;71;450;2023
1558;212;54;76;47;67;2021
1559;204;80;47;70;451;2022
1560;217;56;74;46;68;2023
1561;222;58;75;48;65;2021
1562;199;81;45;71;452;2022
1563;213;56;76;47;67;2023
1564;205;80;47;70;453;2021
1565;218;55;74;48;68;2020
1566;200;79;47;71;454;2023
1567;223;59;75;46;66;2022
1568;140;81;45;71;455;2023
1569;214;54;76;47;67;2021
1570;206;80;47;70;456;2022
1571;219;56;74;46;68;2023
1572;224;58;75;48;65;2021
1573;201;81;45;71;457;2022
1574;215;56;76;47;67;2023
1575;207;80;47;70;458;2021
1576;220;55;74;48;68;2020
1577;202;79;47;71;459;2023
1578;225;59;75;46;66;2022
1579;141;81;45;71;460;2023
1580;216;54;76;47;67;2021
1581;208;80;47;70;461;2022
1582;221;56;74;46;68;2023
1583;226;58;75;48;65;2021
1584;203;81;45;71;462;2022
1585;217;56;76;47;67;2023
1586;209;80;47;70;463;2021
1587;222;55;74;48;68;2020
1588;204;79;47;71;464;2023
1589;227;59;75;46;66;2022
1590;142;81;45;71;465;2023
1591;218;54;76;47;67;2021
1592;210;80;47;70;466;2022
1593;223;56;74;46;68;2023
1594;228;58;75;48;65;2021
1595;205;81;45;71;467;2022
1596;219;56;76;47;67;2023
1597;211;80;47;70;468;2021
1598;224;55;74;48;68;2020
1599;206;79;47;71;469;2023
1600;229;59;75;46;66;2022
1601;143;81;45;71;470;2023
1602;220;54;76;47;67;2021
1603;212;80;47;70;471;2022
1604;225;56;74;46;68;2023
1605;230;58;75;48;65;2021
1606;207;81;45;71;472;2022
1607;221;56;76;47;67;2023
1608;213;80;47;70;473;2021
1609;226;55;74;48;68;2020
1610;208;79;47;71;474;2023
1611;231;59;75;46;66;2022
1612;144;81;45;71;475;2023
1613;222;54;76;47;67;2021
1614;214;80;47;70;476;2022
1615;227;56;74;46;68;2023
1616;232;58;75;48;65;2021
1617;209;81;45;71;477;2022
1618;223;56;76;47;67;2023
1619;215;80;47;70;478;2021
1620;228;55;74;48;68;2020
1621;210;79;47;71;479;2023
1622;233;59;75;46;66;2022
1623;145;81;45;71;480;2023
1624;224;54;76;47;67;2021
1625;216;80;47;70;481;2022
1626;229;56;74;46;68;2023
1627;234;58;75;48;65;2021
1628;211;81;45;71;482;2022
1629;225;56;76;47;67;2023
1630;217;80;47;70;483;2021
1631;230;55;74;48;68;2020
1632;212;79;47;71;484;2023
1633;235;59;75;46;66;2022
1634;146;81;45;71;485;2023
1635;226;54;76;47;67;2021
1636;218;80;47;70;486;2022
1637;231;56;74;46;68;2023
1638;236;58;75;48;65;2021
1639;213;81;45;71;487;2022
1640;227;56;76;47;67;2023
1641;219;80;47;70;488;2021
1642;232;55;74;48;68;2020
1643;214;79;47;71;489;2023
1644;237;59;75;46;66;2022
1645;147;81;45;71;490;2023
1646;228;54;76;47;67;2021
1647;220;80;47;70;491;2022
1648;233;56;74;46;68;2023
1649;238;58;75;48;65;2021
1650;215;81;45;71;492;2022
1651;229;56;76;47;67;2023
1652;221;80;47;70;493;2021
1653;234;55;74;48;68;2020
1654;216;79;47;71;494;2023
1655;239;59;75;46;66;2022
1656;148;81;45;71;495;2023
1657;230;54;76;47;67;2021
1658;222;80;47;70;496;2022
1659;235;56;74;46;68;2023
1660;240;58;75;48;65;2021
1661;217;81;45;71;497;2022
1662;231;56;76;47;67;2023
1663;223;80;47;70;498;2021
1664;236;55;74;48;68;2020
1665;218;79;47;71;499;2023
1666;241;59;75;46;66;2022
1667;149;81;45;71;500;2023
1668;232;54;76;47;67;2021
1669;224;80;47;70;501;2022
1670;237;56;74;46;68;2023
1671;242;58;75;48;65;2021
1672;219;81;45;71;502;2022
1673;233;56;76;47;67;2023
1674;225;80;47;70;503;2021
1675;238;55;74;48;68;2020
1676;220;79;47;71;504;2023
1677;243;59;75;46;66;2022
1678;150;81;45;71;505;2023
1679;234;54;76;47;67;2021
1680;226;80;47;70;506;2022
1681;239;56;74;46;68;2023
1682;244;58;75;48;65;2021
1683;221;81;45;71;507;2022
1684;235;56;76;47;67;2023
1685;227;80;47;70;508;2021
1686;240;55;74;48;68;2020
1687;222;79;47;71;509;2023
1688;245;59;75;46;66;2022
1689;151;81;45;71;510;2023
1690;236;54;76;47;67;2021
1691;228;80;47;70;511;2022
1692;241;56;74;46;68;2023
1693;246;58;75;48;65;2021
1694;223;81;45;71;512;2022
1695;237;56;76;47;67;2023
1696;229;80;47;70;513;2021
1697;242;55;74;48;68;2020
1698;224;79;47;71;514;2023
1699;247;59;75;46;66;2022
1700;152;81;45;71;515;2023
1701;238;54;76;47;67;2021
1702;230;80;47;70;516;2022
1703;243;56;74;46;68;2023
1704;248;58;75;48;65;2021
1705;225;81;45;71;517;2022
1706;239;56;76;47;67;2023
1707;231;80;47;70;518;2021
1708;244;55;74;48;68;2020
1709;226;79;47;71;519;2023
1710;249;59;75;46;66;2022
1711;153;81;45;71;520;2023
1712;240;54;76;47;67;2021
1713;232;80;47;70;521;2022
1714;245;56;74;46;68;2023
1715;250;58;75;48;65;2021
1716;227;81;45;71;522;2022
1717;241;56;76;47;67;2023
1718;233;80;47;70;523;2021
1719;246;55;74;48;68;2020
1720;228;79;47;71;524;2023
1721;251;59;75;46;66;2022
1722;154;81;45;71;525;2023
1723;242;54;76;47;67;2021
1724;234;80;47;70;526;2022
1725;247;56;74;46;68;2023
1726;252;58;75;48;65;2021
1727;229;81;45;71;527;2022
1728;243;56;76;47;67;2023
1729;235;80;47;70;528;2021
1730;248;55;74;48;68;2020
1731;230;79;47;71;529;2023
1732;253;59;75;46;66;2022
1733;155;81;45;71;530;2023
1734;244;54;76;47;67;2021
1735;236;80;47;70;531;2022
1736;249;56;74;46;68;2023
1737;254;58;75;48;65;2021
1738;231;81;45;71;532;2022
1739;245;56;76;47;67;2023
1740;237;80;47;70;533;2021
1741;250;55;74;48;68;2020
1742;232;79;47;71;534;2023
1743;255;59;75;46;66;2022
1744;156;81;45;71;535;2023
1745;246;54;76;47;67;2021
1746;238;80;47;70;536;2022
1747;251;56;74;46;68;2023
1748;256;58;75;48;65;2021
1749;233;81;45;71;537;2022
1750;247;56;76;47;67;2023
1751;239;80;47;70;538;2021
1752;252;55;74;48;68;2020
1753;234;79;47;71;539;2023
1754;257;59;75;46;66;2022
1755;157;81;45;71;540;2023
1756;248;54;76;47;67;2021
1757;240;80;47;70;541;2022
1758;253;56;74;46;68;2023
1759;258;58;75;48;65;2021
1760;235;81;45;71;542;2022
1761;249;56;76;47;67;2023
1762;241;80;47;70;543;2021
1763;254;55;74;48;68;2020
1764;236;79;47;71;544;2023
1765;259;59;75;46;66;2022
1766;158;81;45;71;545;2023
1767;250;54;76;47;67;2021
1768;242;80;47;70;546;2022
1769;255;56;74;46;68;2023
1770;260;58;75;48;65;2021
1771;237;81;45;71;547;2022
1772;251;56;76;47;67;2023
1773;243;80;47;70;548;2021
1774;256;55;74;48;68;2020
1775;238;79;47;71;549;2023
1776;261;59;75;46;66;2022
1777;159;81;45;71;550;2023
1778;252;54;76;47;67;2021
1779;244;80;47;70;551;2022
1780;257;56;74;46;68;2023
1781;262;58;75;48;65;2021
1782;239;81;45;71;552;2022
1783;253;56;76;47;67;2023
1784;245;80;47;70;553;2021
1785;258;55;74;48;68;2020
1786;240;79;47;71;554;2023
1787;263;59;75;46;66;2022
1788;160;81;45;71;555;2023
1789;254;54;76;47;67;2021
1790;246;80;47;70;556;2022
1791;259;56;74;46;68;2023
1792;264;58;75;48;65;2021
1793;241;81;45;71;557;2022
1794;255;56;76;47;67;2023
1795;247;80;47;70;558;2021
1796;260;55;74;48;68;2020
1797;242;79;47;71;559;2023
1798;265;59;75;46;66;2022
1799;161;81;45;71;560;2023
1800;256;54;76;47;67;2021
1801;248;80;47;70;561;2022
1802;261;56;74;46;68;2023
1803;266;58;75;48;65;2021
1804;243;81;45;71;562;2022
1805;257;56;76;47;67;2023
1806;249;80;47;70;563;2021
1807;262;55;74;48;68;2020
1808;244;79;47;71;564;2023
1809;267;59;75;46;66;2022
1810;162;81;45;71;565;2023
1811;258;54;76;47;67;2021
1812;250;80;47;70;566;2022
1813;263;56;74;46;68;2023
1814;268;58;75;48;65;2021
1815;245;81;45;71;567;2022
1816;259;56;76;47;67;2023
1817;251;80;47;70;568;2021
1818;264;55;74;48;68;2020
1819;246;79;47;71;569;2023
1820;269;59;75;46;66;2022
1821;163;81;45;71;570;2023
1822;260;54;76;47;67;2021
1823;252;80;47;70;571;2022
1824;265;56;74;46;68;2023
1825;270;58;75;48;65;2021
1826;247;81;45;71;572;2022
1827;261;56;76;47;67;2023
1828;253;80;47;70;573;2021
1829;266;55;74;48;68;2020
1830;248;79;47;71;574;2023
1831;271;59;75;46;66;2022
1832;164;81;45;71;575;2023
1833;262;54;76;47;67;2021
1834;254;80;47;70;576;2022
1835;267;56;74;46;68;2023
1836;272;58;75;48;65;2021
1837;249;81;45;71;577;2022
1838;263;56;76;47;67;2023
1839;255;80;47;70;578;2021
1840;268;55;74;48;68;2020
1841;250;79;47;71;579;2023
1842;273;59;75;46;66;2022
1843;165;81;45;71;580;2023
1844;264;54;76;47;67;2021
1845;256;80;47;70;581;2022
1846;269;56;74;46;68;2023
1847;274;58;75;48;65;2021
1848;251;81;45;71;582;2022
1849;265;56;76;47;67;2023
1850;257;80;47;70;583;2021
1851;270;55;74;48;68;2020
1852;252;79;47;71;584;2023
1853;275;59;75;46;66;2022
1854;166;81;45;71;585;2023
1855;266;54;76;47;67;2021
1856;258;80;47;70;586;2022
1857;271;56;74;46;68;2023
1858;276;58;75;48;65;2021
1859;253;81;45;71;587;2022
1860;267;56;76;47;67;2023
1861;259;80;47;70;588;2021
1862;272;55;74;48;68;2020
1863;254;79;47;71;589;2023
1864;277;59;75;46;66;2022
1865;167;81;45;71;590;2023
1866;268;54;76;47;67;2021
1867;260;80;47;70;591;2022
1867;280;58;75;48;65;2021
1869;255;81;45;71;592;2022
1870;269;56;76;47;67;2023
1871;261;80;47;70;593;2021
1872;273;55;74;48;68;2020
1873;256;79;47;71;594;2023
1874;278;59;75;46;66;2022
1875;168;81;45;71;595;2023
1876;270;54;76;47;67;2021
1877;262;80;47;70;596;2022
1878;274;56;74;46;68;2023
1879;279;58;75;48;65;2021
1880;257;81;45;71;597;2022
1881;271;56;76;47;67;2023
1882;263;80;47;70;598;2021
1883;275;55;74;48;68;2020
1884;258;79;47;71;599;2023
1885;280;59;75;46;66;2022
1886;169;81;45;71;600;2023
1887;272;54;76;47;67;2021
1888;264;80;47;70;601;2022
1889;276;56;74;46;68;2023
1890;281;58;75;48;65;2021
1891;259;81;45;71;602;2022
1892;273;56;76;47;67;2023
1893;265;80;47;70;603;2021
1894;277;55;74;48;68;2020
1895;260;79;47;71;604;2023
1896;282;59;75;46;66;2022
1897;170;81;45;71;605;2023
1898;274;54;76;47;67;2021
1899;266;80;47;70;606;2022
1900;278;56;74;46;68;2023
1901;283;58;75;48;65;2021
1902;261;81;45;71;607;2022
1903;275;56;76;47;67;2023
1904;267;80;47;70;608;2021
1905;279;55;74;48;68;2020
1906;262;79;47;71;609;2023
1907;284;59;75;46;66;2022
1908;171;81;45;71;610;2023
1909;276;54;76;47;67;2021
1910;268;80;47;70;611;2022
1911;280;56;74;46;68;2023
1912;285;58;75;48;65;2021
1913;263;81;45;71;612;2022
1914;277;56;76;47;67;2023
1915;269;80;47;70;613;2021
1916;281;55;74;48;68;2020
1917;264;79;47;71;614;2023
1918;286;59;75;46;66;2022
1919;172;81;45;71;615;2023
1920;278;54;76;47;67;2021
1921;270;80;47;70;616;2022
1922;282;56;74;46;68;2023
1923;287;58;75;48;65;2021
1924;265;81;45;71;617;2022
1925;279;56;76;47;67;2023
1926;271;80;47;70;618;2021
1927;283;55;74;48;68;2020
1928;266;79;47;71;619;2023
1929;288;59;75;46;66;2022
1930;173;81;45;71;620;2023
1931;280;54;76;47;67;2021
1932;272;80;47;70;621;2022
1933;284;56;74;46;68;2023
1934;289;58;75;48;65;2021
1935;267;81;45;71;622;2022
1936;281;56;76;47;67;2023
1937;273;80;47;70;623;2021
1938;285;55;74;48;68;2020
1939;268;79;47;71;624;2023
1940;290;59;75;46;66;2022
1941;174;81;45;71;625;2023
1942;282;54;76;47;67;2021
1943;274;80;47;70;626;2022
1944;286;56;74;46;68;2023
1945;291;58;75;48;65;2021
1946;269;81;45;71;627;2022
1947;283;56;76;47;67;2023
1948;275;80;47;70;628;2021
1949;287;55;74;48;68;2020
1950;270;79;47;71;629;2023
1951;292;59;75;46;66;2022
1952;175;81;45;71;630;2023
1953;284;54;76;47;67;2021
1954;276;80;47;70;631;2022
1955;288;56;74;46;68;2023
1956;293;58;75;48;65;2021
1957;271;81;45;71;632;2022
1958;285;56;76;47;67;2023
1959;277;80;47;70;633;2021
1960;289;55;74;48;68;2020
1961;272;79;47;71;634;2023
1962;294;59;75;46;66;2022
1963;176;81;45;71;635;2023
1964;286;54;76;47;67;2021
1965;278;80;47;70;636;2022
1966;290;56;74;46;68;2023
1967;295;58;75;48;65;2021
1968;273;81;45;71;637;2022
1969;287;56;76;47;67;2023
1970;279;80;47;70;638;2021
1971;291;55;74;48;68;2020
1972;274;79;47;71;639;2023
1973;296;59;75;46;66;2022
1974;177;81;45;71;640;2023
1975;288;54;76;47;67;2021
1976;280;80;47;70;641;2022
1977;292;56;74;46;68;2023
1978;297;58;75;48;65;2021
1979;275;81;45;71;642;2022
1980;289;56;76;47;67;2023
1981;281;80;47;70;643;2021
1982;293;55;74;48;68;2020
1983;276;79;47;71;644;2023
1984;298;59;75;46;66;2022
1985;178;81;45;71;645;2023
1986;290;54;76;47;67;2021
1987;282;80;47;70;646;2022
1988;294;56;74;46;68;2023
1989;299;58;75;48;65;2021
1990;277;81;45;71;647;2022
1991;291;56;76;47;67;2023
1992;283;80;47;70;648;2021
1993;295;55;74;48;68;2020
1994;278;79;47;71;649;2023
1995;300;59;75;46;66;2022
1996;179;81;45;71;650;2023
1997;292;54;76;47;67;2021
1998;284;80;47;70;651;2022
1999;296;56;74;46;68;2023
2000;301;58;75;48;65;2021
2001;279;81;45;71;652;2022
2002;293;56;76;47;67;2023
2003;285;80;47;70;653;2021
2004;297;55;74;48;68;2020
2005;280;79;47;71;654;2023
2006;302;59;75;46;66;2022
2007;180;81;45;71;655;2023
2008;294;54;76;47;67;2021
2009;286;80;47;70;656;2022
2010;298;56;74;46;68;2023
2011;303;58;75;48;65;2021